[gd_scene load_steps=7 format=3 uid="uid://djwirk4ockuor"]

[ext_resource type="Script" uid="uid://p8xcvrxclv3k" path="res://hideout.gd" id="1_8vk1q"]
[ext_resource type="PackedScene" uid="uid://dkxlqwov8nqc4" path="res://assets/datsun/datsun.tscn" id="2_w3jne"]
[ext_resource type="PackedScene" uid="uid://d1lcmhjvkefw6" path="res://assets/garage/garage.tscn" id="3_8vk1q"]
[ext_resource type="Script" uid="uid://dygsmwmd0om4g" path="res://second-order-targeting.gd" id="3_k0s3t"]
[ext_resource type="PackedScene" uid="uid://iiwgd2q06fr6" path="res://path-follower.tscn" id="4_w3jne"]

[sub_resource type="Curve3D" id="Curve3D_2ayvv"]
_data = {
"points": PackedVector3Array(0, 0, 0, 0, 0, 0, 0.259672, 0, 0.348816, 0, 0, 0, 0, 0, 0, -0.303568, -0.176249, 1.19971, 0, 0, 0, 0, 0, 0, -0.468299, -0.828296, 1.95045, 0, 0, 0, 0, 0, 0, 4.67508, -1.05465, 2.21842, 0, 0, 0, 0, 0, 0, -4.87556, 2.2554, -2.84735),
"tilts": PackedFloat32Array(0, 0, 0, 0, 0)
}
point_count = 5

[node name="Hideout" type="Node3D"]
script = ExtResource("1_8vk1q")

[node name="Datsun" parent="." instance=ExtResource("2_w3jne")]
transform = Transform3D(-0.998327, 0, 0.0578255, 0, 1, 0, -0.0578255, 0, -0.998327, -1.78549, -0.0123312, 0.958069)

[node name="Garage" parent="." instance=ExtResource("3_8vk1q")]
transform = Transform3D(0.999999, 0.00107203, -0.000497484, -0.0010716, 0.999999, 0.000837991, 0.000498402, -0.000837446, 1, 0, 0, 0)

[node name="CameraController" type="Node" parent="." node_paths=PackedStringArray("object_to_move", "movement_targets")]
script = ExtResource("3_k0s3t")
object_to_move = NodePath("Camera3D")
movement_targets = [NodePath("MovementPaths/Loiter"), NodePath("MovementPaths/Torch")]
f = 0.81
r = 1.2

[node name="Camera3D" type="Camera3D" parent="CameraController"]
transform = Transform3D(0.633594, 0.192846, 0.749246, -0.00719841, 0.969863, -0.243543, -0.773632, 0.148914, 0.615888, -1.53346, 2.33811, -1.20667)

[node name="MovementPaths" type="Node3D" parent="CameraController"]

[node name="Loiter" parent="CameraController/MovementPaths" instance=ExtResource("4_w3jne")]
transform = Transform3D(1, 0, 0, 0, 1, 0, 0, 0, 1, -3.61294, 2.3381, -2.30511)
time_to_finish = 60.0

[node name="Torch" type="Node3D" parent="CameraController/MovementPaths"]
transform = Transform3D(1, 0, 0, 0, 1, 0, 0, 0, 1, -2.06546, 0.4215, -1.59535)

[node name="LookPaths" type="Node3D" parent="CameraController"]
visible = false

[node name="LookAt" type="Path3D" parent="CameraController/LookPaths"]
transform = Transform3D(1, 0, 0, 0, 1, 0, 0, 0, 1, -2.50865, 1.40966, -1.04208)
curve = SubResource("Curve3D_2ayvv")

[node name="PathFollow3D" type="PathFollow3D" parent="CameraController/LookPaths/LookAt"]
transform = Transform3D(-0.833848, -0.0939437, 0.543902, -3.72521e-09, 0.985387, 0.170198, -0.551956, 0.141922, -0.82168, 0.259672, 0, 0.348816)
